-0.857143
0
0.783949
0
0.0972213
-0.144254
0.30388
0.355747
0.226677
-0.810976
0.0699108
-0.428089
0.121787
0.202256
0
-0.0849534
0
0.504227
0
0.471005
-0.0424215
0.391385
-0.215954
0.410439
0.033302
0.666667
0.666667
0.823529
0.217299
-0.107753
-0.311705
0.00448207
0.544972
0.32006
-0.15739
0.395603
0.41026
0.148787
-0.0325497
1.08012
0.033302
-0.406806
0.0186064
0.24649
-0.0876914
0
-0.107672
-0.107753
-0.107978
0.671886
0.479927
0.216155
0.549848
-0.0852619
0.033302
0.274621
0.429966
-0.278481
0
-0.107753
0.224161
0.625954
0.226677
-0.245749
0.033302
