-0.222222
0
0.504227
-0.0827446
0.62492
-0.615998
0.494666
-0.252319
0.226677
-1.00569
-0.615998
-0.236019
0.0554379
0.337999
-0.59838
-0.260793
-0.0533783
0.504227
0
0.130563
0.27358
0.0472241
-0.260793
0.0217596
0.233225
0.666667
0.666667
0.461538
-0.0373715
0
0.270806
-0.202598
0.308854
0.190635
0
-0.0945016
0.41026
-0.0586976
0.125
1.08012
0
-0.202838
0.285951
0.4
-0.154848
-0.0533783
0.401059
0
-0.536513
0.202865
-0.0059882
0.139383
0.352857
0
0
-0.0864534
-0.2682
-0.278481
0
0
0.467387
0.18827
0.226677
-0.278481
0
