-0.666667
0
0.310396
0.0827446
-0.535838
0.482462
-0.198236
0.59472
0
0.244583
0.678603
-0.197047
0.0664615
-0.138104
0.59838
0.176819
0.0533783
0
0
0.345758
-0.315088
0.345758
0.0454799
0.38955
-0.200312
0
0
0.4
0.254155
-0.107753
-0.570472
0.207033
0.24649
0.131429
-0.15739
0.485567
0
0.207033
-0.15739
0
0.033302
-0.208265
-0.2677
-0.15739
0.0673858
0.0533783
-0.503298
-0.107753
0.434833
0.485567
0.485567
0.077355
0.207033
-0.0852619
0.033302
0.358944
0.678603
0
0
-0.107753
-0.249768
0.450971
0
0.033302
0.033302
