-0.0289093
0
0
0
0.0843672
0.0843672
0.0356234
0
-0.0697051
0
0.0102564
-0.0103627
-0.08
0.0740741
0
0
0
-0.0697051
0.0356234
-0.0289093
0
0
-0.0289093
-0.0289093
-0.0697051
-0.0697051
-0.0289093
0
0
0
-1.33227e-016
0
0
0
0
-1.42743e-016
0
0
0
0
0
0
0.0408163
0
0
0
-0.0978261
-0.013245
0
-0.0289093
0
-0.0697051
-0.0978261
0
0
0
0
-0.0289093
0
0
0
0
-0.0978261
-0.0289093
-0.0697051
0
0
-0.0978261
0
0
-0.0697051
-0.0289093
-0.0697051
0
0
0
0
0
-0.0978261
-0.0289093
0
-0.0697051
0
0
0
0
-0.0697051
-0.0697051
-0.0697051
0
0
0
0
0
1.66533e-016
-0.0697051
0
0
-0.0978261
0
0
-0.0978261
0
-0.0978261
0
-0.0697051
-0.0697051
-0.118385
0
0
0
0
0
0
0
