0.115416
-0.068286
9.86545e-005
0.000172652
0.000147985
0.000178263
0.000356851
-0.0107588
0.0857854
0.0050646
0.0370437
0.000178263
-0.107496
-0.068286
0.0050646
0.0102564
-0.0103627
-0.08
0.0740741
0.000268693
-0.08
0
0.000230209
0.000152795
0.000133695
-0.068286
0.000230209
0.0370437
0.000160436
9.86545e-005
-0.0274888
0
0.000197319
-0.0274888
-0.068286
0.0857854
-0.0274888
0.000258989
0.000172652
0.000178263
-1.33227e-016
0.000138119
0.000115098
0.000222834
0
0.000138119
0.000133695
0
0.000138119
-0.0164404
0.000147985
0.000207186
0
0.000172652
0.000222834
0.000230209
0.000178263
0
0.000267407
0.0194175
0.000115098
-0.0274888
0.000258989
-0.068286
0.000267407
0.000207186
0.000222834
0.000229202
0
-0.0274888
0
